  Sent.                        Matched  Bracket   Cross        Correct Tag
 ID  Len.  Stat. Recal  Prec.  Bracket gold test Bracket Words  Tags Accracy
============================================================================
   1   26    0   47.62  55.56    10     21   18      3     24    22    91.67
   2   25    0   65.22  83.33    15     23   18      1     23    21    91.30
   3   11    0   14.29  25.00     1      7    4      1     10    10   100.00
   4   37    0   39.29  45.83    11     28   24     12     34    34   100.00
   5   22    0   87.50  77.78     7      8    9      0     18    17    94.44
   6   33    1    0.00   0.00     0      0    0      0      0     0     0.00
   7   17    0   53.33  50.00     8     15   16      4     13    13   100.00
   8   40    1    0.00   0.00     0      0    0      0      0     0     0.00
   9   25    0   92.31  80.00    12     13   15      0     22    22   100.00
  10   21    1    0.00   0.00     0      0    0      0      0     0     0.00
  11   32    0   10.53   8.33     2     19   24     15     29    26    89.66
  12   15    0   18.75  17.65     3     16   17     10     11     9    81.82
  13    3    0  100.00 100.00     1      1    1      0      2     2   100.00
  14   12    0   58.33  70.00     7     12   10      1     11    10    90.91
  15   30    0   34.48  34.48    10     29   29     16     28    27    96.43
  16   16    0   38.89  43.75     7     18   16      7     14    13    92.86
  17   36    0   44.83  44.83    13     29   29      8     33    29    87.88
  18   11    1    0.00   0.00     0      0    0      0      0     0     0.00
  19   40    0   65.52  73.08    19     29   26      3     37    34    91.89
  20   14    1    0.00   0.00     0      0    0      0      0     0     0.00
  21   31    0   36.36  44.44     8     22   18      8     28    26    92.86
  22   23    0   23.81  38.46     5     21   13      5     22    17    77.27
  23   33    0   41.94  44.83    13     31   29     12     31    25    80.65
  24    9    0   80.00  80.00     4      5    5      0      7     7   100.00
  25   23    0   55.00  73.33    11     20   15      2     21    18    85.71
  26   22    1    0.00   0.00     0      0    0      0      0     0     0.00
  27    8    0   66.67  57.14     4      6    7      0      7     6    85.71
  28   34    0   57.14  60.61    20     35   33     10     32    30    93.75
  29   17    0   57.14  57.14     8     14   14      3     15    14    93.33
  30   40    0   59.46  64.71    22     37   34      6     34    30    88.24
  31   30    0   71.43  58.82    10     14   17      3     25    25   100.00
  32   38    0   41.38  40.00    12     29   30     14     35    34    97.14
  33   50    0   45.95  54.84    17     37   31     10     42    39    92.86
  34   19    0   33.33  62.50     5     15    8      2     15    13    86.67
  35   36    1    0.00   0.00     0      0    0      0      0     0     0.00
  36   11    0   62.50  71.43     5      8    7      2     10     9    90.00
  37   34    0   10.34  11.54     3     29   26     14     33    30    90.91
  38   24    0   33.33  45.45     5     15   11      2     22    20    90.91
  39   28    0   36.84  50.00     7     19   14      6     25    21    84.00
  40   24    0   50.00  58.82    10     20   17      6     23    21    91.30
  41   49    1    0.00   0.00     0      0    0      0      0     0     0.00
  42   26    0   56.52  56.52    13     23   23      5     24    22    91.67
  43   35    1    0.00   0.00     0      0    0      0      0     0     0.00
  44   39    1    0.00   0.00     0      0    0      0      0     0     0.00
  45   24    0   83.33  90.91    20     24   22      1     22    22   100.00
  46   38    0   37.04  41.67    10     27   24      7     33    31    93.94
  47   37    1    0.00   0.00     0      0    0      0      0     0     0.00
  48   39    0   35.71  35.71    10     28   28     12     33    31    93.94
  49    8    0   75.00  85.71     6      8    7      0      6     6   100.00
  50   25    0   43.75  41.18     7     16   17      4     20    19    95.00
  51   44    0   52.63  66.67    20     38   30      7     38    36    94.74
  52   19    0   56.25  56.25     9     16   16      4     16    15    93.75
  53   34    0   37.50  40.91     9     24   22     10     32    29    90.62
  54   31    0   29.63  40.00     8     27   20      8     28    23    82.14
  55   23    0   69.23  81.82     9     13   11      0     20    20   100.00
  56   25    0   20.83  26.32     5     24   19      9     23    20    86.96
